15 0.882664 0.730769 0.162791 0.195266
15 0.649049 0.837278 0.295983 0.248521
15 0.382664 0.556213 0.190275 0.171598
15 0.827696 0.513314 0.192389 0.109467
15 0.428118 0.897929 0.281184 0.204142
15 0.300211 0.183432 0.109937 0.355030
15 0.421776 0.167160 0.107822 0.286982
15 0.527484 0.181953 0.090909 0.257396
15 0.633192 0.186391 0.095137 0.313609
15 0.756871 0.161243 0.101480 0.298817
15 0.866808 0.235207 0.059197 0.139053
15 0.959831 0.170118 0.080338 0.257396
15 0.207188 0.168639 0.093023 0.307692
15 0.067653 0.155325 0.059197 0.204142
15 0.105708 0.177515 0.050740 0.248521
15 0.145877 0.186391 0.033827 0.272189
